precisions=0.04804177545691906
recall=0.05868095420334226
f1=0.052831055472608246
NDCG=0.24586483516208163
Coverage=0.0576351752822
novelty=3.4359493146895863